7919
17389
27449
37813
48611
59359
70657
81799
93179
104729
116447
128189
139901
151703
163841
176081
187963
200183
212369
224737
237203
249439
262139
274529
287117
300023
312583
324949
337541
350377
363269
376127
389171
401987
414977
427991
440723
453889
467213
479909
493127
506131
519227
532333
545747
559081
572311
585493
598687
611953
625187
638977
652429
665659
679277
692543
706019
719639
732923
746773
760267
773603
787207
800573
814279
827719
841459
855359
868771
882377
896009
909683
923591
937379
951161
965113
978947
993107
1006721
1020379
1034221
1048129
1062511
1076143
1090373
1103923
1117579
1131617
1145689
1159523
1173301
1187003
1200949
1215133
1229269
1243709
1257517
1271293
1285517
1299709
1313839
1327901
1342051
1356227
1370459
1384631
1398367
1412641
1427039
1441049
1455089
1469393
1483451
1497541
1511539
1525921
1540499
1554881
1569173
1583539
1598011
1612133
1626479
1640833
1655131
1669313
1683673
1698077
1712353
1726943
1741409
1755563
1770437
1784633
1798967
1813351
1827659
1842349
1856297
1870667
1885201
1899481
1913983
1928257
1942747
1957129
1972177
1986757
2000963
2015177
2029717
2044127
2058871
2073349
2088133
2102717
2117131
2131813
2146231
2160553
2175451
2190031
2204827
2219641
2234129
2248723
2263381
2277553
2292469
2307229
2322143
2336861
2351821
2366297
2381147
2395867
2410621
2425229
2440219
2454587
2469413
2484331
2499023
2513591
2528411
2543221
2558009
2572649
2587007
2601857
2616703
2631529
2646089
2660753
2675909
2690557
2705243
2719631
2735129
2750159
2764873
2779771
2794723
2809309
2823589
2838169
2853187
2868043
2883371
2898527
2913259
2928151
2943257
2958383
2973059
2987843
3002743
3017689
3032831
3047767
3062989
3077687
3092371
3107633
3122321
3137447
3152341
3167141
3182341
3196933
3211441
3226423
3241201
3256423
3271277
3286331
3301591
3316427
3331423
3346601
3362159
3376991
3391831
3406801
3421751
3436571
3451229
3466829
3482333
3497861
3512869
3528403
3543791
3558913
3573877
3588941
3604121
3618497
3633347
3648923
3664351
3678931
3694217
3709073
3724223
3738937
3754087
3769763
3784943
3800201
3815209
3830003
3845273
3860347
3875827
3890969
3906319
3921217
3936301
3951161
3967043
3981883
3997859
4012847
4027913
4042729
4057967
4073233
4088237
4103629
4119053
4134629
4149889
4164637
4180097
4195057
4210253
4225457
4241099
4256233
4271581
4287253
4302631
4317823
4333097
4348691
4364111
4379467
4394783
4410317
4425107
4440041
4455043
4470287
4485479
4500731
4516231
4531811
4547239
4562693
4577927
4593089
4608493
4623793
4639267
4654697
4670207
4685257
4700473
4716053
4731271
4746551
4762099
4777723
4793237
4808369
4823821
4838963
4854623
4869863
4885339
4900099
4915571
4930963
4946231
4961707
4976899
4991843
5007593
5023307
5038793
5054249
5069663
5084999
5100587
5116141
5131541
5146763
5162387
5178049
5193751
5208887
5224451
5239777
5254859
5270521
5286331
5301481
5316973
5332519
5347789
5363461
5378921
5394401
5410121
5425517
5440889
5456533
5472031
5487701
5503133
5518847
5534677
5550287
5566073
5581397
5596937
5612441
5628257
5644031
5659751
5675381
5690941
5706079
5721481
5737393
5752739
5768663
5784439
5800079
5815519
5831387
5846957
5862617
5878123
5893357
5908739
5923901
5939371
5955031
5970803
5986613
6002371
6017647
6033101
6049411
6064897
6080443
6096271
6111613
6127403
6142987
6158507
6174017
6190007
6205427
6221543
6237019
6252901
6268289
6283583
6298811
6314699
6329927
6345763
6361657
6377773
6393787
6409297
6424937
6441031
6456509
6472309
6488249
6503507
6519329
6535099
6550741
6566363
6581963
6597583
6613001
6628711
6644543
6660721
6676331
6692281
6707717
6723113
6738889
6754537
6770161
6786061
6802121
6817619
6833209
6849061
6864191
6879973
6895393
6911323
6927133
6942721
6958207
6973913
6989813
7005697
7021367
7036819
7052113
7068533
7084097
7099739
7115117
7131629
7147397
7163267
7179101
7195079
7210759
7226431
7242359
7258081
7273759
7289449
7305407
7321091
7336919
7353127
7368787
7384253
7400567
7416313
7432093
7447789
7463921
7479697
7495931
7511969
7528121
7543511
7559173
7575383
7591277
7606561
7622873
7638403
7654139
7670023
7685801
7701523
7717399
7733393
7749493
7765343
7781321
7797563
7813129
7829221
7844731
7860557
7876357
7891913
7908023
7923917
7939817
7955719
7971739
7987307
8003537
8019619
8035759
8051717
8067151
8083457
8099639
8115733
8131237
8147687
8163047
8179277
8195017
8210651
8226767
8242261
8258381
8274509
8290421
8306227
8322241
8338241
8353717
8369989
8385809
8401717
8418001
8434087
8450557
8466319
8482259
8497991
8513797
8529601
8545337
8561299
8576903
8592949
8608841
8624633
8640679
8656433
8672509
8688593
8704613
8720233
8736191
8752273
8767963
8783771
8799919
8816083
8831987
8848163
8864503
8880457
8896483
8912627
8928169
8944249
8960453
8976589
8992441
9008771
9025013
9041083
9057427
9073357
9089141
9104989
9121439
9137573
9153341
9169561
9185507
9201281
9217441
9233047
9249217
9265169
9281011
9297259
9313079
9329407
9345547
9361217
9377419
9393557
9409753
9425963
9442229
9458509
9474461
9490661
9506437
9522577
9538877
9554879
9571027
9586229
9602443
9618643
9634841
9650573
9666719
9682597
9699203
9715309
9731081
9747149
9763393
9779941
9795809
9811819
9827821
9844277
9860437
9876781
9892823
9909191
9925439
9941293
9957683
9974021
9990727
10006741
10022693
10038773
10054549
10070891
10086767
10102973
10119217
10135421
10151017
10167551
10183879
10200469
10216799
10232603
10248899
10264697
10280807
10296973
10313707
10329547
10345649
10361749
10378021
10394051
10410139
10426043
10442197
10458089
10474171
10490189
10506281
10522549
10538911
10554857
10570841
10587179
10603517
10619957
10635809
10651679
10668083
10683857
10699921
10715609
10732003
10748321
10764709
10781131
10797559
10813469
10830161
10845899
10862011
10878323
10894817
10910609
10926739
10942961
10959061
10975507
10991713
11007853
11024357
11040707
11056729
11072767
11088859
11104823
11120761
11137871
11153843
11169857
11185679
11201947
11218439
11234813
11250937
11267197
11283893
11299993
11316289
11332487
11348977
11365099
11381621
11397817
11414251
11430313
11446829
11462747
11478767
11495321
11511733
11527897
11543549
11559973
11576347
11592311
11608511
11623939
11641103
11656933
11673229
11689781
11705891
11722283
11738647
11754961
11771453
11787331
11803549
11819833
11836469
11852921
11869021
11885201
11901623
11917777
11933939
11950111
11966111
11982689
11998843
12015373
12031867
12048221
12064097
12080699
12097411
12113483
12129989
12145853
12162253
12179047
12195257
12211669
12227801
12244091
12260483
12276697
12292967
12309053
12325057
12342073
12358069
12373871
12390401
12406657
12422341
12439081
12455419
12471917
12488051
12505133
12521009
12537719
12553901
12570553
12586859
12603127
12619129
12635587
12651923
12668809
12684713
12701099
12717239
12733337
12749557
12765901
12781919
12798427
12814993
12831127
12847433
12863689
12880121
12896743
12913471
12930031
12946607
12963091
12979583
12996131
13012261
13028539
13045391
13062017
13078477
13095431
13111601
13128139
13144267
13160971
13177433
13193519
13209871
13226159
13242787
13259377
13275607
13292281
13308343
13324867
13341187
13357573
13373953
13390259
13406527
13423493
13439477
13456603
13472947
13489561
13506011
13522583
13539059
13555669
13572011
13588247
13604713
13620833
13637251
13653781
13669741
13686229
13702817
13718951
13735679
13751909
13768411
13784923
13801199
13817459
13834103
13850027
13866863
13882949
13899209
13915397
13931821
13948411
13965253
13982063
13998679
14015347
14031581
14048291
14064889
14081183
14097583
14113591
14130107
14146591
14163143
14179699
14196733
14213267
14230057
14246137
14262433
14278717
14295077
14311663
14328269
14344529
14360273
14376911
14392801
14409457
14425907
14442613
14459239
14475847
14492237
14508971
14525573
14542001
14558483
14574719
14591029
14607583
14624549
14641219
14657917
14674321
14690549
14707211
14723659
14740007
14756519
14772787
14789057
14805377
14822231
14838689
14855083
14871629
14888563
14905183
14921911
14938531
14954453
14971741
14988613
15004973
15021551
15037879
15054223
15070831
15087629
15104087
15120757
15137069
15153847
15170027
15186883
15203803
15220327
15236747
15253109
15269489
15285967
15302359
15318907
15335633
15352069
15368449
15385841
15402719
15419293
15435941
15452873
15469313
15485863
